initial_pose_x: 9.93154
initial_pose_y: 16.2017
initial_pose_a: 0.66598
